    0.10000E-03    0.28091E+00
    0.10202E-03    0.28638E+00
    0.10408E-03    0.29196E+00
    0.10618E-03    0.29764E+00
    0.10833E-03    0.30343E+00
    0.11052E-03    0.30934E+00
    0.11275E-03    0.31536E+00
    0.11503E-03    0.32150E+00
    0.11735E-03    0.32776E+00
    0.11972E-03    0.33414E+00
    0.12214E-03    0.34064E+00
    0.12461E-03    0.34727E+00
    0.12712E-03    0.35403E+00
    0.12969E-03    0.36092E+00
    0.13231E-03    0.36795E+00
    0.13499E-03    0.37511E+00
    0.13771E-03    0.38241E+00
    0.14049E-03    0.38985E+00
    0.14333E-03    0.39744E+00
    0.14623E-03    0.40518E+00
    0.14918E-03    0.41306E+00
    0.15220E-03    0.42110E+00
    0.15527E-03    0.42930E+00
    0.15841E-03    0.43765E+00
    0.16161E-03    0.44617E+00
    0.16487E-03    0.45485E+00
    0.16820E-03    0.46371E+00
    0.17160E-03    0.47273E+00
    0.17507E-03    0.48193E+00
    0.17860E-03    0.49131E+00
    0.18221E-03    0.50087E+00
    0.18589E-03    0.51061E+00
    0.18965E-03    0.52055E+00
    0.19348E-03    0.53068E+00
    0.19739E-03    0.54100E+00
    0.20138E-03    0.55153E+00
    0.20544E-03    0.56226E+00
    0.20959E-03    0.57320E+00
    0.21383E-03    0.58435E+00
    0.21815E-03    0.59572E+00
    0.22255E-03    0.60731E+00
    0.22705E-03    0.61913E+00
    0.23164E-03    0.63117E+00
    0.23632E-03    0.64345E+00
    0.24109E-03    0.65597E+00
    0.24596E-03    0.66873E+00
    0.25093E-03    0.68173E+00
    0.25600E-03    0.69499E+00
    0.26117E-03    0.70851E+00
    0.26645E-03    0.72229E+00
    0.27183E-03    0.73634E+00
    0.27732E-03    0.75066E+00
    0.28292E-03    0.76525E+00
    0.28864E-03    0.78013E+00
    0.29447E-03    0.79530E+00
    0.30042E-03    0.81076E+00
    0.30649E-03    0.82653E+00
    0.31268E-03    0.84260E+00
    0.31899E-03    0.85897E+00
    0.32544E-03    0.87567E+00
    0.33201E-03    0.89269E+00
    0.33872E-03    0.91004E+00
    0.34556E-03    0.92773E+00
    0.35254E-03    0.94576E+00
    0.35966E-03    0.96413E+00
    0.36693E-03    0.98287E+00
    0.37434E-03    0.10020E+01
    0.38190E-03    0.10214E+01
    0.38962E-03    0.10413E+01
    0.39749E-03    0.10615E+01
    0.40552E-03    0.10821E+01
    0.41371E-03    0.11031E+01
    0.42207E-03    0.11245E+01
    0.43060E-03    0.11464E+01
    0.43929E-03    0.11686E+01
    0.44817E-03    0.11913E+01
    0.45722E-03    0.12144E+01
    0.46646E-03    0.12380E+01
    0.47588E-03    0.12620E+01
    0.48550E-03    0.12865E+01
    0.49530E-03    0.13115E+01
    0.50531E-03    0.13369E+01
    0.51552E-03    0.13628E+01
    0.52593E-03    0.13893E+01
    0.53656E-03    0.14162E+01
    0.54739E-03    0.14436E+01
    0.55845E-03    0.14716E+01
    0.56973E-03    0.15001E+01
    0.58124E-03    0.15292E+01
    0.59299E-03    0.15588E+01
    0.60496E-03    0.15890E+01
    0.61719E-03    0.16197E+01
    0.62965E-03    0.16511E+01
    0.64237E-03    0.16830E+01
    0.65535E-03    0.17156E+01
    0.66859E-03    0.17488E+01
    0.68210E-03    0.17826E+01
    0.69588E-03    0.18170E+01
    0.70993E-03    0.18522E+01
    0.72427E-03    0.18879E+01
    0.73891E-03    0.19244E+01
    0.75383E-03    0.19615E+01
    0.76906E-03    0.19994E+01
    0.78460E-03    0.20380E+01
    0.80045E-03    0.20773E+01
    0.81662E-03    0.21173E+01
    0.83311E-03    0.21581E+01
    0.84994E-03    0.21997E+01
    0.86711E-03    0.22420E+01
    0.88463E-03    0.22852E+01
    0.90250E-03    0.23291E+01
    0.92073E-03    0.23739E+01
    0.93933E-03    0.24195E+01
    0.95831E-03    0.24660E+01
    0.97767E-03    0.25133E+01
    0.99742E-03    0.25616E+01
    0.10176E-02    0.26107E+01
    0.10381E-02    0.26607E+01
    0.10591E-02    0.27116E+01
    0.10805E-02    0.27635E+01
    0.11023E-02    0.28164E+01
    0.11246E-02    0.28702E+01
    0.11473E-02    0.29250E+01
    0.11705E-02    0.29808E+01
    0.11941E-02    0.30376E+01
    0.12182E-02    0.30955E+01
    0.12429E-02    0.31544E+01
    0.12680E-02    0.32144E+01
    0.12936E-02    0.32754E+01
    0.13197E-02    0.33376E+01
    0.13464E-02    0.34009E+01
    0.13736E-02    0.34653E+01
    0.14013E-02    0.35308E+01
    0.14296E-02    0.35975E+01
    0.14585E-02    0.36654E+01
    0.14880E-02    0.37345E+01
    0.15180E-02    0.38048E+01
    0.15487E-02    0.38763E+01
    0.15800E-02    0.39491E+01
    0.16119E-02    0.40231E+01
    0.16445E-02    0.40984E+01
    0.16777E-02    0.41750E+01
    0.17116E-02    0.42529E+01
    0.17462E-02    0.43322E+01
    0.17814E-02    0.44127E+01
    0.18174E-02    0.44946E+01
    0.18541E-02    0.45779E+01
    0.18916E-02    0.46625E+01
    0.19298E-02    0.47486E+01
    0.19688E-02    0.48360E+01
    0.20086E-02    0.49249E+01
    0.20491E-02    0.50151E+01
    0.20905E-02    0.51069E+01
    0.21328E-02    0.52000E+01
    0.21758E-02    0.52947E+01
    0.22198E-02    0.53908E+01
    0.22646E-02    0.54883E+01
    0.23104E-02    0.55874E+01
    0.23571E-02    0.56880E+01
    0.24047E-02    0.57900E+01
    0.24533E-02    0.58936E+01
    0.25028E-02    0.59987E+01
    0.25534E-02    0.61053E+01
    0.26050E-02    0.62134E+01
    0.26576E-02    0.63230E+01
    0.27113E-02    0.64342E+01
    0.27660E-02    0.65469E+01
    0.28219E-02    0.66611E+01
    0.28789E-02    0.67768E+01
    0.29371E-02    0.68940E+01
    0.29964E-02    0.70127E+01
    0.30569E-02    0.71329E+01
    0.31187E-02    0.72546E+01
    0.31817E-02    0.73778E+01
    0.32460E-02    0.75025E+01
    0.33115E-02    0.76286E+01
    0.33784E-02    0.77561E+01
    0.34467E-02    0.78851E+01
    0.35163E-02    0.80154E+01
    0.35874E-02    0.81472E+01
    0.36598E-02    0.82803E+01
    0.37338E-02    0.84147E+01
    0.38092E-02    0.85505E+01
    0.38861E-02    0.86875E+01
    0.39646E-02    0.88258E+01
    0.40447E-02    0.89653E+01
    0.41264E-02    0.91060E+01
    0.42098E-02    0.92478E+01
    0.42948E-02    0.93908E+01
    0.43816E-02    0.95349E+01
    0.44701E-02    0.96800E+01
    0.45604E-02    0.98261E+01
    0.46525E-02    0.99731E+01
    0.47465E-02    0.10121E+02
    0.48424E-02    0.10270E+02
    0.49402E-02    0.10420E+02
    0.50400E-02    0.10570E+02
    0.51419E-02    0.10721E+02
    0.52457E-02    0.10873E+02
    0.53517E-02    0.11025E+02
    0.54598E-02    0.11178E+02
    0.55701E-02    0.11332E+02
    0.56826E-02    0.11486E+02
    0.57974E-02    0.11640E+02
    0.59145E-02    0.11794E+02
    0.60340E-02    0.11949E+02
    0.61559E-02    0.12104E+02
    0.62803E-02    0.12259E+02
    0.64072E-02    0.12414E+02
    0.65366E-02    0.12569E+02
    0.66686E-02    0.12724E+02
    0.68033E-02    0.12878E+02
    0.69408E-02    0.13032E+02
    0.70810E-02    0.13186E+02
    0.72240E-02    0.13340E+02
    0.73700E-02    0.13492E+02
    0.75189E-02    0.13644E+02
    0.76708E-02    0.13796E+02
    0.78257E-02    0.13946E+02
    0.79838E-02    0.14095E+02
    0.81451E-02    0.14243E+02
    0.83096E-02    0.14390E+02
    0.84775E-02    0.14536E+02
    0.86488E-02    0.14680E+02
    0.88235E-02    0.14822E+02
    0.90017E-02    0.14962E+02
    0.91836E-02    0.15101E+02
    0.93691E-02    0.15238E+02
    0.95583E-02    0.15372E+02
    0.97514E-02    0.15504E+02
    0.99484E-02    0.15633E+02
    0.10149E-01    0.15760E+02
    0.10354E-01    0.15884E+02
    0.10564E-01    0.16004E+02
    0.10777E-01    0.16122E+02
    0.10995E-01    0.16236E+02
    0.11217E-01    0.16347E+02
    0.11443E-01    0.16454E+02
    0.11675E-01    0.16557E+02
    0.11910E-01    0.16656E+02
    0.12151E-01    0.16750E+02
    0.12397E-01    0.16841E+02
    0.12647E-01    0.16926E+02
    0.12902E-01    0.17007E+02
    0.13163E-01    0.17083E+02
    0.13429E-01    0.17154E+02
    0.13700E-01    0.17219E+02
    0.13977E-01    0.17279E+02
    0.14259E-01    0.17332E+02
    0.14547E-01    0.17380E+02
    0.14841E-01    0.17422E+02
    0.15141E-01    0.17457E+02
    0.15447E-01    0.17486E+02
    0.15759E-01    0.17508E+02
    0.16077E-01    0.17523E+02
    0.16402E-01    0.17531E+02
    0.16734E-01    0.17532E+02
    0.17072E-01    0.17525E+02
    0.17416E-01    0.17511E+02
    0.17768E-01    0.17489E+02
    0.18127E-01    0.17460E+02
    0.18493E-01    0.17422E+02
    0.18867E-01    0.17376E+02
    0.19248E-01    0.17322E+02
    0.19637E-01    0.17260E+02
    0.20034E-01    0.17190E+02
    0.20438E-01    0.17111E+02
    0.20851E-01    0.17023E+02
    0.21272E-01    0.16928E+02
    0.21702E-01    0.16824E+02
    0.22141E-01    0.16711E+02
    0.22588E-01    0.16590E+02
    0.23044E-01    0.16461E+02
    0.23510E-01    0.16324E+02
    0.23985E-01    0.16179E+02
    0.24469E-01    0.16026E+02
    0.24964E-01    0.15866E+02
    0.25468E-01    0.15698E+02
    0.25982E-01    0.15523E+02
    0.26507E-01    0.15341E+02
    0.27043E-01    0.15152E+02
    0.27589E-01    0.14958E+02
    0.28146E-01    0.14758E+02
    0.28715E-01    0.14552E+02
    0.29295E-01    0.14341E+02
    0.29887E-01    0.14126E+02
    0.30490E-01    0.13907E+02
    0.31106E-01    0.13684E+02
    0.31735E-01    0.13459E+02
    0.32376E-01    0.13231E+02
    0.33030E-01    0.13002E+02
    0.33697E-01    0.12772E+02
    0.34378E-01    0.12541E+02
    0.35072E-01    0.12310E+02
    0.35781E-01    0.12080E+02
    0.36504E-01    0.11852E+02
    0.37241E-01    0.11626E+02
    0.37993E-01    0.11402E+02
    0.38761E-01    0.11182E+02
    0.39544E-01    0.10965E+02
    0.40343E-01    0.10753E+02
    0.41158E-01    0.10546E+02
    0.41989E-01    0.10344E+02
    0.42838E-01    0.10148E+02
    0.43703E-01    0.99578E+01
    0.44586E-01    0.97745E+01
    0.45486E-01    0.95979E+01
    0.46405E-01    0.94282E+01
    0.47343E-01    0.92655E+01
    0.48299E-01    0.91099E+01
    0.49275E-01    0.89613E+01
    0.50270E-01    0.88195E+01
    0.51286E-01    0.86842E+01
    0.52322E-01    0.85551E+01
    0.53379E-01    0.84318E+01
    0.54457E-01    0.83136E+01
    0.55557E-01    0.82000E+01
    0.56680E-01    0.80902E+01
    0.57825E-01    0.79832E+01
    0.58993E-01    0.78783E+01
    0.60184E-01    0.77744E+01
    0.61400E-01    0.76704E+01
    0.62641E-01    0.75653E+01
    0.63906E-01    0.74580E+01
    0.65197E-01    0.73474E+01
    0.66514E-01    0.72325E+01
    0.67858E-01    0.71122E+01
    0.69229E-01    0.69859E+01
    0.70627E-01    0.68527E+01
    0.72054E-01    0.67123E+01
    0.73510E-01    0.65642E+01
    0.74994E-01    0.64084E+01
    0.76509E-01    0.62450E+01
    0.78055E-01    0.60747E+01
    0.79632E-01    0.58982E+01
    0.81241E-01    0.57167E+01
    0.82882E-01    0.55315E+01
    0.84556E-01    0.53441E+01
    0.86264E-01    0.51562E+01
    0.88007E-01    0.49696E+01
    0.89785E-01    0.47864E+01
    0.91598E-01    0.46082E+01
    0.93449E-01    0.44370E+01
    0.95337E-01    0.42743E+01
    0.97263E-01    0.41216E+01
    0.99227E-01    0.39799E+01
    0.10123E+00    0.38500E+01
    0.10328E+00    0.37323E+01
    0.10536E+00    0.36268E+01
    0.10749E+00    0.35330E+01
    0.10966E+00    0.34500E+01
    0.11188E+00    0.33765E+01
    0.11414E+00    0.33109E+01
    0.11644E+00    0.32511E+01
    0.11880E+00    0.31947E+01
    0.12120E+00    0.31395E+01
    0.12365E+00    0.30830E+01
    0.12614E+00    0.30229E+01
    0.12869E+00    0.29574E+01
    0.13129E+00    0.28849E+01
    0.13394E+00    0.28046E+01
    0.13665E+00    0.27164E+01
    0.13941E+00    0.26212E+01
    0.14223E+00    0.25204E+01
    0.14510E+00    0.24161E+01
    0.14803E+00    0.23107E+01
    0.15102E+00    0.22070E+01
    0.15407E+00    0.21077E+01
    0.15718E+00    0.20152E+01
    0.16036E+00    0.19313E+01
    0.16360E+00    0.18571E+01
    0.16690E+00    0.17930E+01
    0.17028E+00    0.17385E+01
    0.17371E+00    0.16923E+01
    0.17722E+00    0.16525E+01
    0.18080E+00    0.16164E+01
    0.18446E+00    0.15815E+01
    0.18818E+00    0.15451E+01
    0.19198E+00    0.15051E+01
    0.19586E+00    0.14601E+01
    0.19982E+00    0.14098E+01
    0.20386E+00    0.13547E+01
    0.20797E+00    0.12965E+01
    0.21218E+00    0.12375E+01
    0.21646E+00    0.11800E+01
    0.22083E+00    0.11265E+01
    0.22530E+00    0.10785E+01
    0.22985E+00    0.10368E+01
    0.23449E+00    0.10013E+01
    0.23923E+00    0.97090E+00
    0.24406E+00    0.94381E+00
    0.24899E+00    0.91793E+00
    0.25402E+00    0.89131E+00
    0.25915E+00    0.86250E+00
    0.26439E+00    0.83097E+00
    0.26973E+00    0.79716E+00
    0.27518E+00    0.76229E+00
    0.28074E+00    0.72799E+00
    0.28641E+00    0.69587E+00
    0.29219E+00    0.66697E+00
    0.29810E+00    0.64161E+00
    0.30412E+00    0.61928E+00
    0.31026E+00    0.59888E+00
    0.31653E+00    0.57910E+00
    0.32292E+00    0.55883E+00
    0.32945E+00    0.53756E+00
    0.33610E+00    0.51545E+00
    0.34289E+00    0.49325E+00
    0.34982E+00    0.47190E+00
    0.35689E+00    0.45215E+00
    0.36409E+00    0.43426E+00
    0.37145E+00    0.41797E+00
    0.37895E+00    0.40263E+00
    0.38661E+00    0.38755E+00
    0.39442E+00    0.37233E+00
    0.40239E+00    0.35697E+00
    0.41052E+00    0.34183E+00
    0.41881E+00    0.32736E+00
    0.42727E+00    0.31387E+00
    0.43590E+00    0.30134E+00
    0.44471E+00    0.28948E+00
    0.45369E+00    0.27798E+00
    0.46286E+00    0.26663E+00
    0.47221E+00    0.25545E+00
    0.48174E+00    0.24465E+00
    0.49148E+00    0.23439E+00
    0.50141E+00    0.22471E+00
    0.51153E+00    0.21550E+00
    0.52187E+00    0.20661E+00
    0.53241E+00    0.19796E+00
    0.54317E+00    0.18957E+00
    0.55414E+00    0.18152E+00
    0.56533E+00    0.17385E+00
    0.57675E+00    0.16654E+00
    0.58840E+00    0.15951E+00
    0.60029E+00    0.15275E+00
    0.61242E+00    0.14624E+00
    0.62479E+00    0.13999E+00
    0.63741E+00    0.13399E+00
    0.65029E+00    0.12822E+00
    0.66342E+00    0.12269E+00
    0.67683E+00    0.11739E+00
    0.69050E+00    0.11230E+00
    0.70445E+00    0.10743E+00
    0.71868E+00    0.10275E+00
    0.73320E+00    0.98279E-01
    0.74801E+00    0.93990E-01
    0.76312E+00    0.89881E-01
    0.77854E+00    0.85944E-01
    0.79426E+00    0.82171E-01
    0.81031E+00    0.78557E-01
    0.82668E+00    0.75095E-01
    0.84338E+00    0.71778E-01
    0.86041E+00    0.68600E-01
    0.87780E+00    0.65557E-01
    0.89553E+00    0.62642E-01
    0.91362E+00    0.59851E-01
    0.93208E+00    0.57180E-01
    0.95091E+00    0.54622E-01
    0.97011E+00    0.52174E-01
    0.98971E+00    0.49831E-01
    0.10097E+01    0.47590E-01
    0.10301E+01    0.45445E-01
    0.10509E+01    0.43393E-01
    0.10721E+01    0.41431E-01
    0.10938E+01    0.39554E-01
    0.11159E+01    0.37759E-01
    0.11384E+01    0.36043E-01
    0.11614E+01    0.34401E-01
    0.11849E+01    0.32832E-01
    0.12088E+01    0.31332E-01
    0.12333E+01    0.29898E-01
    0.12582E+01    0.28528E-01
    0.12836E+01    0.27218E-01
    0.13095E+01    0.25966E-01
    0.13360E+01    0.24770E-01
    0.13630E+01    0.23627E-01
    0.13905E+01    0.22536E-01
    0.14186E+01    0.21493E-01
    0.14472E+01    0.20497E-01
    0.14765E+01    0.19545E-01
    0.15063E+01    0.18637E-01
    0.15367E+01    0.17769E-01
    0.15678E+01    0.16941E-01
    0.15994E+01    0.16150E-01
    0.16318E+01    0.15395E-01
    0.16647E+01    0.14674E-01
    0.16984E+01    0.13986E-01
    0.17327E+01    0.13329E-01
    0.17677E+01    0.12702E-01
    0.18034E+01    0.12104E-01
    0.18398E+01    0.11534E-01
    0.18770E+01    0.10989E-01
    0.19149E+01    0.10470E-01
    0.19536E+01    0.99743E-02
    0.19930E+01    0.95016E-02
    0.20333E+01    0.90508E-02
    0.20744E+01    0.86208E-02
    0.21163E+01    0.82107E-02
    0.21590E+01    0.78197E-02
    0.22026E+01    0.74468E-02
    0.22471E+01    0.70913E-02
    0.22925E+01    0.67523E-02
    0.23388E+01    0.64291E-02
    0.23861E+01    0.61211E-02
    0.24343E+01    0.58275E-02
    0.24835E+01    0.55476E-02
    0.25336E+01    0.52809E-02
    0.25848E+01    0.50267E-02
    0.26370E+01    0.47845E-02
    0.26903E+01    0.45537E-02
    0.27447E+01    0.43338E-02
    0.28001E+01    0.41242E-02
    0.28567E+01    0.39246E-02
    0.29144E+01    0.37345E-02
    0.29733E+01    0.35533E-02
    0.30333E+01    0.33808E-02
    0.30946E+01    0.32165E-02
    0.31571E+01    0.30600E-02
    0.32209E+01    0.29110E-02
    0.32860E+01    0.27691E-02
    0.33523E+01    0.26340E-02
    0.34201E+01    0.25053E-02
    0.34892E+01    0.23828E-02
    0.35596E+01    0.22662E-02
    0.36316E+01    0.21552E-02
    0.37049E+01    0.20495E-02
    0.37798E+01    0.19489E-02
    0.38561E+01    0.18531E-02
    0.39340E+01    0.17620E-02
    0.40135E+01    0.16753E-02
    0.40946E+01    0.15927E-02
    0.41773E+01    0.15142E-02
    0.42617E+01    0.14395E-02
    0.43478E+01    0.13684E-02
    0.44356E+01    0.13007E-02
    0.45252E+01    0.12364E-02
    0.46166E+01    0.11751E-02
    0.47099E+01    0.11169E-02
    0.48050E+01    0.10615E-02
    0.49021E+01    0.10088E-02
    0.50011E+01    0.95863E-03
    0.51021E+01    0.91095E-03
    0.52052E+01    0.86561E-03
    0.53104E+01    0.82248E-03
    0.54176E+01    0.78148E-03
    0.55271E+01    0.74249E-03
    0.56387E+01    0.70541E-03
    0.57526E+01    0.67016E-03
    0.58689E+01    0.63664E-03
    0.59874E+01    0.60477E-03
    0.61084E+01    0.57448E-03
    0.62318E+01    0.54568E-03
    0.63577E+01    0.51831E-03
    0.64861E+01    0.49229E-03
    0.66171E+01    0.46755E-03
    0.67508E+01    0.44404E-03
    0.68872E+01    0.42170E-03
    0.70263E+01    0.40047E-03
    0.71682E+01    0.38029E-03
    0.73130E+01    0.36112E-03
    0.74608E+01    0.34289E-03
    0.76115E+01    0.32558E-03
    0.77653E+01    0.30913E-03
    0.79221E+01    0.29350E-03
    0.80822E+01    0.27865E-03
    0.82454E+01    0.26454E-03
    0.84120E+01    0.25114E-03
    0.85819E+01    0.23840E-03
    0.87553E+01    0.22631E-03
    0.89322E+01    0.21482E-03
    0.91126E+01    0.20391E-03
    0.92967E+01    0.19354E-03
    0.94845E+01    0.18370E-03
    0.96761E+01    0.17435E-03
    0.98716E+01    0.16547E-03
    0.10071E+02    0.15704E-03
    0.10274E+02    0.14903E-03
    0.10482E+02    0.14142E-03
    0.10694E+02    0.13420E-03
    0.10910E+02    0.12735E-03
    0.11130E+02    0.12084E-03
    0.11355E+02    0.11466E-03
    0.11584E+02    0.10879E-03
    0.11818E+02    0.10322E-03
    0.12057E+02    0.97929E-04
    0.12301E+02    0.92909E-04
    0.12549E+02    0.88143E-04
    0.12803E+02    0.83619E-04
    0.13061E+02    0.79324E-04
    0.13325E+02    0.75248E-04
    0.13594E+02    0.71379E-04
    0.13869E+02    0.67707E-04
    0.14149E+02    0.64222E-04
    0.14435E+02    0.60915E-04
    0.14727E+02    0.57776E-04
    0.15024E+02    0.54798E-04
    0.15328E+02    0.51971E-04
    0.15637E+02    0.49289E-04
    0.15953E+02    0.46744E-04
    0.16275E+02    0.44329E-04
    0.16604E+02    0.42037E-04
    0.16940E+02    0.39863E-04
    0.17282E+02    0.37800E-04
    0.17631E+02    0.35843E-04
    0.17987E+02    0.33987E-04
    0.18351E+02    0.32225E-04
    0.18721E+02    0.30554E-04
    0.19099E+02    0.28969E-04
    0.19485E+02    0.27466E-04
    0.19879E+02    0.26040E-04
    0.20280E+02    0.24687E-04
    0.20690E+02    0.23404E-04
    0.21108E+02    0.22187E-04
    0.21535E+02    0.21032E-04
    0.21970E+02    0.19937E-04
    0.22413E+02    0.18899E-04
    0.22866E+02    0.17914E-04
    0.23328E+02    0.16981E-04
    0.23799E+02    0.16095E-04
    0.24280E+02    0.15255E-04
    0.24771E+02    0.14459E-04
    0.25271E+02    0.13704E-04
    0.25782E+02    0.12988E-04
    0.26302E+02    0.12309E-04
    0.26834E+02    0.11665E-04
    0.27376E+02    0.11055E-04
    0.27929E+02    0.10476E-04
    0.28493E+02    0.99277E-05
    0.29069E+02    0.94076E-05
    0.29656E+02    0.89145E-05
    0.30255E+02    0.84471E-05
    0.30866E+02    0.80040E-05
    0.31490E+02    0.75839E-05
    0.32126E+02    0.71857E-05
    0.32775E+02    0.68083E-05
    0.33437E+02    0.64505E-05
    0.34112E+02    0.61114E-05
    0.34801E+02    0.57900E-05
    0.35504E+02    0.54854E-05
    0.36222E+02    0.51966E-05
    0.36953E+02    0.49230E-05
    0.37700E+02    0.46636E-05
    0.38462E+02    0.44178E-05
    0.39239E+02    0.41849E-05
    0.40031E+02    0.39641E-05
    0.40840E+02    0.37549E-05
    0.41665E+02    0.35567E-05
    0.42507E+02    0.33688E-05
    0.43365E+02    0.31908E-05
    0.44241E+02    0.30222E-05
    0.45135E+02    0.28624E-05
    0.46047E+02    0.27109E-05
    0.46977E+02    0.25675E-05
    0.47926E+02    0.24315E-05
    0.48894E+02    0.23027E-05
    0.49882E+02    0.21807E-05
    0.50890E+02    0.20651E-05
    0.51918E+02    0.19556E-05
    0.52966E+02    0.18518E-05
    0.54036E+02    0.17535E-05
    0.55128E+02    0.16604E-05
    0.56242E+02    0.15722E-05
    0.57378E+02    0.14887E-05
    0.58537E+02    0.14095E-05
    0.59720E+02    0.13345E-05
    0.60926E+02    0.12635E-05
    0.62157E+02    0.11963E-05
    0.63412E+02    0.11325E-05
    0.64693E+02    0.10722E-05
    0.66000E+02    0.10151E-05
    0.67334E+02    0.96093E-06
    0.68694E+02    0.90967E-06
    0.70082E+02    0.86112E-06
    0.71497E+02    0.81514E-06
    0.72942E+02    0.77159E-06
    0.74415E+02    0.73036E-06
    0.75918E+02    0.69131E-06
    0.77452E+02    0.65433E-06
    0.79017E+02    0.61932E-06
    0.80613E+02    0.58616E-06
    0.82241E+02    0.55477E-06
    0.83903E+02    0.52504E-06
    0.85598E+02    0.49689E-06
    0.87327E+02    0.47024E-06
    0.89091E+02    0.44500E-06
    0.90891E+02    0.42111E-06
    0.92727E+02    0.39849E-06
    0.94600E+02    0.37708E-06
    0.96511E+02    0.35680E-06
    0.98461E+02    0.33761E-06
    0.10045E+03    0.31943E-06
    0.10248E+03    0.30223E-06
    0.10455E+03    0.28595E-06
    0.10666E+03    0.27053E-06
    0.10882E+03    0.25594E-06
    0.11101E+03    0.24213E-06
    0.11326E+03    0.22906E-06
    0.11554E+03    0.21668E-06
    0.11788E+03    0.20497E-06
    0.12026E+03    0.19388E-06
    0.12269E+03    0.18338E-06
    0.12517E+03    0.17345E-06
    0.12770E+03    0.16405E-06
    0.13028E+03    0.15516E-06
    0.13291E+03    0.14674E-06
    0.13559E+03    0.13877E-06
    0.13833E+03    0.13123E-06
    0.14113E+03    0.12409E-06
    0.14398E+03    0.11734E-06
    0.14689E+03    0.11095E-06
    0.14985E+03    0.10491E-06
    0.15288E+03    0.99188E-07
    0.15597E+03    0.93777E-07
    0.15912E+03    0.88657E-07
    0.16233E+03    0.83813E-07
    0.16561E+03    0.79230E-07
    0.16896E+03    0.74894E-07
    0.17237E+03    0.70790E-07
    0.17585E+03    0.66908E-07
    0.17941E+03    0.63235E-07
    0.18303E+03    0.59759E-07
    0.18673E+03    0.56470E-07
    0.19050E+03    0.53358E-07
    0.19435E+03    0.50415E-07
    0.19828E+03    0.47631E-07
    0.20228E+03    0.44999E-07
    0.20637E+03    0.42510E-07
    0.21054E+03    0.40157E-07
    0.21479E+03    0.37933E-07
    0.21913E+03    0.35832E-07
    0.22356E+03    0.33847E-07
