1.000000000000000048e-04 1.773913353031219886e+00
1.020200000000000024e-04 1.773762134227250487e+00
1.040800000000000064e-04 1.773599123167556968e+00
1.061800000000000032e-04 1.773451149039107611e+00
1.083300000000000013e-04 1.773324984345648225e+00
1.105200000000000057e-04 1.773129889442037754e+00
1.127500000000000030e-04 1.772989599188229626e+00
1.150300000000000015e-04 1.772783825816484971e+00
1.173500000000000064e-04 1.772608005857944979e+00
1.197199999999999989e-04 1.772400790087987232e+00
1.221399999999999927e-04 1.772222874589008734e+00
1.246099999999999877e-04 1.772021769804474678e+00
1.271199999999999891e-04 1.771799000084738562e+00
1.296899999999999865e-04 1.771583730466585127e+00
1.323100000000000122e-04 1.771327626036146130e+00
1.349900000000000069e-04 1.771080483058302901e+00
1.377100000000000080e-04 1.770821892732930447e+00
1.404900000000000051e-04 1.770578427600359106e+00
1.433299999999999982e-04 1.770279790660225228e+00
1.462299999999999874e-04 1.769978774865492044e+00
1.491800000000000049e-04 1.769718684936813169e+00
1.522000000000000132e-04 1.769389693659463525e+00
1.552699999999999957e-04 1.769042627533193413e+00
1.584099999999999961e-04 1.768742145550097122e+00
1.616099999999999926e-04 1.768384248156532390e+00
1.648700000000000122e-04 1.768033417610201274e+00
1.681999999999999956e-04 1.767613379051562461e+00
1.715999999999999969e-04 1.767224419859116269e+00
1.750699999999999891e-04 1.766812607640113608e+00
1.786000000000000044e-04 1.766379678817854071e+00
1.822100000000000054e-04 1.765947251781899485e+00
1.858899999999999973e-04 1.765496171246156321e+00
1.896500000000000020e-04 1.764998559216213625e+00
1.934799999999999975e-04 1.764509685686288964e+00
1.973900000000000058e-04 1.763992606284657816e+00
2.013799999999999998e-04 1.763439885409678665e+00
2.054400000000000117e-04 1.762885497812400004e+00
2.095900000000000042e-04 1.762212142358687839e+00
2.138300000000000042e-04 1.761615470180542431e+00
2.181499999999999900e-04 1.761062244007251421e+00
2.225499999999999885e-04 1.760385964334524322e+00
2.270499999999999895e-04 1.759727359359100740e+00
2.316399999999999980e-04 1.758955590411458214e+00
2.363199999999999871e-04 1.758178568653353091e+00
2.410900000000000109e-04 1.757397441956186857e+00
2.459599999999999829e-04 1.756613281892542622e+00
2.509300000000000115e-04 1.755827086969915074e+00
2.559999999999999884e-04 1.754989280421300979e+00
2.611700000000000219e-04 1.753962541107394246e+00
2.664499999999999985e-04 1.753035484362236884e+00
2.718299999999999775e-04 1.752043892766928401e+00
2.773200000000000079e-04 1.751125676071723536e+00
2.829199999999999814e-04 1.750016334531198980e+00
2.886400000000000012e-04 1.748939279350877563e+00
2.944700000000000182e-04 1.747768137809631472e+00
3.004199999999999731e-04 1.746632788988109697e+00
3.064899999999999743e-04 1.745369194100637733e+00
3.126800000000000217e-04 1.744006646095418889e+00
3.189900000000000070e-04 1.742668544885153104e+00
3.254399999999999741e-04 1.741295236790115109e+00
3.320099999999999874e-04 1.739797690127591778e+00
3.387199999999999825e-04 1.738275240648762932e+00
3.455600000000000186e-04 1.736712189969064069e+00
3.525399999999999823e-04 1.735112502114701361e+00
3.596599999999999819e-04 1.733376204453756175e+00
3.669300000000000122e-04 1.731663393938160711e+00
3.743400000000000243e-04 1.729740518962075813e+00
3.819000000000000129e-04 1.727922459369492625e+00
3.896200000000000271e-04 1.725823489868433702e+00
3.974900000000000178e-04 1.723787093735280163e+00
4.055199999999999799e-04 1.721652342667036262e+00
4.137100000000000217e-04 1.719427069168706579e+00
4.220699999999999756e-04 1.717207647843485896e+00
4.306000000000000040e-04 1.714672016748080896e+00
4.392900000000000038e-04 1.712219750128358697e+00
4.481700000000000137e-04 1.709560983799210954e+00
4.572199999999999897e-04 1.706933465085639368e+00
4.664599999999999758e-04 1.704038772213247066e+00
4.758799999999999771e-04 1.701109350237717699e+00
4.854999999999999832e-04 1.698095608239409415e+00
4.952999999999999504e-04 1.694853221502096607e+00
5.053100000000000256e-04 1.691599970080035709e+00
5.155199999999999973e-04 1.688215438802465496e+00
5.259299999999999739e-04 1.684589361548981312e+00
5.365600000000000534e-04 1.680977263098432317e+00
5.473900000000000293e-04 1.677195899141036062e+00
5.584500000000000488e-04 1.673144876325088459e+00
5.697299999999999543e-04 1.669088727418172047e+00
5.812400000000000119e-04 1.664726654459848465e+00
5.929900000000000535e-04 1.660315627405696715e+00
6.049599999999999813e-04 1.655695405915670326e+00
6.171899999999999912e-04 1.650923010434031113e+00
6.296500000000000447e-04 1.645933014354066914e+00
6.423699999999999636e-04 1.640819964349375937e+00
6.553499999999999647e-04 1.635404523198880744e+00
6.685900000000000480e-04 1.629803293687099863e+00
6.821000000000000457e-04 1.624088410187366716e+00
6.958799999999999578e-04 1.618161805173362611e+00
7.099300000000000012e-04 1.611866969009826178e+00
7.242699999999999486e-04 1.605487578791249703e+00
7.389099999999999575e-04 1.598836000831427961e+00
7.538300000000000382e-04 1.591944940096864602e+00
7.690600000000000127e-04 1.584725417625287403e+00
7.845999999999999893e-04 1.577281648675171954e+00
8.004499999999999680e-04 1.569633659076685950e+00
8.166199999999999978e-04 1.561658716289614057e+00
8.331099999999999704e-04 1.553449793800101952e+00
8.499399999999999837e-04 1.544847024594262930e+00
8.671100000000000379e-04 1.536039250669045453e+00
8.846299999999999650e-04 1.526868545422719992e+00
9.024999999999999819e-04 1.517453093469580461e+00
9.207300000000000293e-04 1.507603521631071253e+00
9.393300000000000477e-04 1.497499483364331363e+00
9.583099999999999778e-04 1.486982968369829683e+00
9.776699999999999280e-04 1.476186686826085337e+00
9.974199999999999473e-04 1.464943785134291243e+00
1.017600000000000015e-03 1.453403301796452940e+00
1.038099999999999917e-03 1.441462772954485771e+00
1.059100000000000102e-03 1.429156217731228917e+00
1.080500000000000080e-03 1.416428442192871229e+00
1.102300000000000068e-03 1.403245277659423529e+00
1.124599999999999905e-03 1.389728938749912768e+00
1.147299999999999969e-03 1.375760683760683722e+00
1.170500000000000099e-03 1.361345947396672029e+00
1.194100000000000023e-03 1.346556491967342728e+00
1.218200000000000012e-03 1.331255047649814172e+00
1.242899999999999908e-03 1.315527517118945111e+00
1.268000000000000030e-03 1.299371577899452568e+00
1.293600000000000002e-03 1.282744092324601626e+00
1.319700000000000040e-03 1.265639980824544431e+00
1.346399999999999984e-03 1.248081390220235898e+00
1.373599999999999995e-03 1.230052232129974277e+00
1.401300000000000072e-03 1.211566783731732100e+00
1.429600000000000055e-03 1.192578179291174489e+00
1.458499999999999944e-03 1.173132536694494465e+00
1.487999999999999956e-03 1.153219975900388272e+00
1.518000000000000035e-03 1.132832211942809142e+00
1.548700000000000077e-03 1.111988236204628056e+00
1.580000000000000024e-03 1.090653566635436000e+00
1.611900000000000095e-03 1.068902090427779505e+00
1.644499999999999912e-03 1.046676751903181657e+00
1.677700000000000068e-03 1.024023952095808321e+00
1.711599999999999970e-03 1.000964048061322664e+00
1.746200000000000052e-03 9.774479479248417979e-01
1.781400000000000041e-03 9.535658440410632597e-01
1.817400000000000048e-03 9.293151782138565631e-01
1.854100000000000019e-03 9.046724480657070133e-01
1.891600000000000009e-03 8.797211796246650062e-01
1.929799999999999962e-03 8.544202501790001403e-01
1.968800000000000151e-03 8.288668320926384503e-01
2.008600000000000142e-03 8.030213811447948213e-01
2.049099999999999880e-03 7.769735399094732653e-01
2.090499999999999910e-03 7.507098239636569303e-01
2.132799999999999800e-03 7.242884615384616032e-01
2.175799999999999870e-03 6.977354713203770542e-01
2.219800000000000072e-03 6.711063293017733855e-01
2.264599999999999860e-03 6.444254140626424210e-01
2.310400000000000214e-03 6.177470737731324268e-01
2.357099999999999994e-03 5.911216596343178420e-01
2.404700000000000067e-03 5.645941278065630398e-01
2.453299999999999838e-03 5.382109406814171715e-01
2.502799999999999903e-03 5.120109357027355923e-01
2.553399999999999941e-03 4.860694806152032199e-01
2.605000000000000111e-03 4.604242443750602987e-01
2.657599999999999980e-03 4.351415467341451238e-01
2.711299999999999821e-03 4.102607938826893785e-01
2.765999999999999796e-03 3.858467366234401008e-01
2.821900000000000016e-03 3.619522301121436136e-01
2.878900000000000209e-03 3.386259001298548288e-01
2.937100000000000214e-03 3.159123875834058959e-01
2.996400000000000192e-03 2.938811014302622482e-01
3.056899999999999982e-03 2.725539401926285188e-01
3.118699999999999858e-03 2.519918396603534338e-01
3.181699999999999980e-03 2.322372522974328612e-01
3.246000000000000187e-03 2.133022325891369420e-01
3.311500000000000207e-03 1.952520777075741343e-01
3.378400000000000153e-03 1.780920823609803971e-01
3.446700000000000024e-03 1.618495643682388296e-01
3.516299999999999981e-03 1.465429049080520241e-01
3.587400000000000137e-03 1.321803809897879045e-01
3.659799999999999946e-03 1.187601898481938922e-01
3.733799999999999793e-03 1.062901826565415264e-01
3.809199999999999999e-03 9.475703175252910004e-02
3.886099999999999971e-03 8.414733812949640179e-02
3.964600000000000415e-03 7.443857780597794294e-02
4.044700000000000031e-03 6.560628199837151286e-02
4.126399999999999686e-03 5.761695585328355240e-02
4.209799999999999653e-03 5.043469798222279671e-02
4.294799999999999660e-03 4.401648421859691990e-02
4.381600000000000251e-03 3.831817848115869063e-02
4.470100000000000288e-03 3.329235537190082528e-02
4.560400000000000044e-03 2.888938643001801379e-02
4.652500000000000385e-03 2.505840711513972544e-02
4.746499999999999851e-03 2.174785100286532810e-02
4.842400000000000176e-03 1.890749756572541324e-02
4.940199999999999626e-03 1.648656429942418553e-02
5.040000000000000209e-03 1.444181646168401188e-02
5.141899999999999596e-03 1.272549202499766684e-02
5.245699999999999842e-03 1.129587050492044525e-02
5.351700000000000033e-03 1.011791383219954633e-02
5.459799999999999896e-03 9.153694757559491246e-03
5.570099999999999704e-03 8.374426403106247085e-03
5.682600000000000325e-03 7.752045969005745378e-03
5.797400000000000296e-03 7.262285223367697003e-03
5.914499999999999619e-03 6.882906562658978704e-03
6.034000000000000301e-03 6.593522470499622867e-03
6.155899999999999740e-03 6.376900198281560891e-03
6.280299999999999945e-03 6.215922995350354682e-03
6.407200000000000048e-03 6.095215079748670522e-03
6.536600000000000049e-03 5.999522635054498759e-03
6.668600000000000222e-03 5.914806664570888654e-03
6.803299999999999972e-03 5.828234197856809774e-03
6.940799999999999574e-03 5.727286678944136858e-03
7.080999999999999621e-03 5.601471257394206003e-03
7.224000000000000386e-03 5.442428785607196506e-03
7.369999999999999815e-03 5.245182330269789091e-03
7.518900000000000236e-03 5.005936675461741120e-03
7.670800000000000188e-03 4.725282690634966670e-03
7.825699999999999670e-03 4.407356948228882861e-03
7.983799999999999231e-03 4.058460446967009257e-03
8.145100000000000603e-03 3.687706241662571261e-03
8.309600000000000319e-03 3.305837387074357214e-03
8.477500000000000660e-03 2.924738580077050273e-03
8.648799999999999891e-03 2.555926430517711356e-03
8.823499999999999746e-03 2.209620833895560923e-03
9.001699999999999632e-03 1.894332308514904469e-03
9.183600000000000096e-03 1.615654592411098480e-03
9.369099999999999998e-03 1.377149232182701272e-03
9.558300000000000476e-03 1.179482175383814819e-03
9.751400000000000345e-03 1.021349329205366264e-03
9.948399999999999604e-03 8.996353866820188446e-04
1.014900000000000004e-02 8.105329949238579109e-04
1.035400000000000036e-02 7.494963485268194871e-04
1.056400000000000047e-02 7.121344663834040193e-04
1.077700000000000012e-02 6.934003225406277192e-04
1.099499999999999957e-02 6.884084749938407547e-04
1.121699999999999954e-02 6.918700679023673510e-04
1.144300000000000005e-02 6.981888902394553726e-04
1.167499999999999961e-02 7.016367699462463560e-04
1.191000000000000045e-02 6.969260326609030094e-04
1.215100000000000034e-02 6.799402985074626433e-04
1.239700000000000003e-02 6.482394157116559610e-04
1.264700000000000026e-02 6.020323762259246125e-04
1.290200000000000027e-02 5.436702534250602379e-04
1.316299999999999935e-02 4.776327342972546438e-04
1.342899999999999996e-02 4.094846682989390272e-04
1.370000000000000037e-02 3.446599686392938099e-04
1.397699999999999984e-02 2.877481335725446776e-04
1.425900000000000084e-02 2.415185783521808988e-04
1.454699999999999917e-02 2.071806674338320031e-04
1.484100000000000003e-02 1.843014579267592793e-04
1.514099999999999994e-02 1.717935498653835045e-04
1.544700000000000066e-02 1.675569026649891349e-04
1.575899999999999870e-02 1.693740004569339918e-04
1.607700000000000101e-02 1.741539690692233018e-04
1.640199999999999991e-02 1.785807997261993133e-04
1.673399999999999888e-02 1.792037417294090789e-04
1.707200000000000037e-02 1.735691868758915970e-04
1.741600000000000092e-02 1.607732282565244811e-04
1.776799999999999907e-02 1.420721596432042867e-04
1.812700000000000075e-02 1.203608247422680434e-04
1.849299999999999902e-02 9.907588106991160502e-05
1.886699999999999836e-02 8.127877532228360545e-05
1.924800000000000122e-02 6.853134741946657958e-05
1.963700000000000168e-02 6.131517960602549176e-05
2.003399999999999972e-02 5.892379290285048519e-05
2.043800000000000130e-02 6.018935187890830414e-05
2.085100000000000148e-02 6.317922810315455536e-05
2.127199999999999924e-02 6.548913043478259957e-05
2.170199999999999907e-02 6.484783642415595424e-05
2.214100000000000096e-02 6.012805936209682613e-05
2.258800000000000044e-02 5.191380349608198182e-05
2.304399999999999851e-02 4.241479861490796626e-05
2.350999999999999965e-02 3.397757902474883292e-05
2.398499999999999938e-02 2.835774769763273710e-05
2.446900000000000117e-02 2.579995008111818055e-05
2.496400000000000008e-02 2.602987520484054029e-05
2.546800000000000105e-02 2.780927506688750148e-05
2.598200000000000162e-02 2.943116665592991111e-05
2.650699999999999931e-02 2.909849423114529927e-05
2.704300000000000107e-02 2.606916578669482830e-05
2.758899999999999894e-02 2.123345367027677558e-05
2.814600000000000088e-02 1.666350453991055899e-05
2.871500000000000094e-02 1.367647058823529461e-05
2.929500000000000159e-02 1.280175719963740441e-05
2.988700000000000037e-02 1.357638397281608578e-05
3.048999999999999974e-02 1.486373768605738077e-05
3.110600000000000170e-02 1.522142648348436235e-05
3.173499999999999932e-02 1.362731257894345881e-05
3.237600000000000200e-02 1.075353336860403567e-05
3.302999999999999686e-02 8.244116289801568968e-06
3.369699999999999779e-02 7.142420920764172032e-06
3.437799999999999884e-02 7.296706801690455894e-06
3.507199999999999901e-02 8.389926888708366078e-06
3.578100000000000031e-02 9.351821192052979140e-06
3.650400000000000172e-02 9.238947013162335492e-06
3.724100000000000327e-02 8.019009117495269208e-06
3.799299999999999899e-02 6.588054727240836311e-06
3.876099999999999685e-02 5.566893221248435490e-06
3.954400000000000276e-02 5.006383948928408933e-06
4.034299999999999692e-02 4.619269041197804857e-06
4.115800000000000014e-02 4.073487578228712116e-06
4.198899999999999855e-02 3.658449342614075635e-06
4.283800000000000108e-02 3.627414268821442677e-06
4.370299999999999879e-02 3.988832874731365795e-06
4.458600000000000063e-02 4.316537930328916698e-06
4.548599999999999866e-02 3.813334166848998526e-06
4.640500000000000180e-02 2.746229396915635814e-06
4.734300000000000314e-02 1.943446117316928599e-06
4.829900000000000165e-02 1.886079978924027645e-06
4.927499999999999936e-02 2.254583598361844837e-06
5.027000000000000218e-02 2.511253472419071442e-06
5.128599999999999826e-02 2.240390594412841897e-06
5.232200000000000045e-02 1.854098724737291560e-06
5.337900000000000283e-02 1.630968476481889885e-06
5.445699999999999846e-02 1.459776751347190367e-06
5.555700000000000222e-02 1.209231707317073371e-06
5.668000000000000121e-02 1.138933524511137023e-06
5.782500000000000140e-02 1.343446237097905611e-06
5.899299999999999683e-02 1.473668177144815573e-06
6.018400000000000138e-02 1.101937126980860113e-06
6.140000000000000319e-02 7.394008135168960869e-07
6.264100000000000223e-02 7.332161315479889095e-07
6.390600000000000447e-02 9.034861893268973231e-07
6.519700000000000495e-02 8.684296485831722267e-07
6.651400000000000368e-02 7.336052540615278961e-07
6.785800000000000165e-02 6.634655943308681186e-07
6.922899999999999887e-02 5.341616685037002941e-07
7.062699999999999534e-02 4.592934171932231832e-07
7.205400000000000693e-02 5.910641657852003569e-07
7.351000000000000589e-02 6.068827884586088310e-07
7.499400000000000510e-02 3.812652144060919754e-07
7.650899999999999368e-02 3.269495596477181947e-07
7.805499999999999938e-02 4.093700100416481357e-07
7.963199999999999446e-02 3.824217557899020236e-07
8.124099999999999377e-02 3.471233403886857840e-07
8.288199999999999734e-02 2.794178794178793954e-07
8.455600000000000616e-02 2.201680357777736418e-07
8.626399999999999346e-02 3.056514487413211168e-07
8.800700000000000189e-02 2.820146490663232605e-07
8.978500000000000369e-02 1.720687782049139120e-07
9.159799999999999887e-02 1.950392778091228521e-07
9.344900000000000428e-02 2.063984674329501902e-07
9.533700000000000507e-02 1.972205975247408914e-07
9.726300000000000223e-02 1.383030861801242416e-07
9.922699999999999576e-02 1.316038091409331670e-07
1.012300000000000005e-01 1.857740259740259677e-07
1.032799999999999968e-01 1.098920236851271320e-07
1.053599999999999953e-01 1.089693393625234444e-07
1.074900000000000022e-01 1.180016982734220135e-07
1.096599999999999936e-01 1.183014492753623073e-07
1.118799999999999933e-01 7.142899452095365336e-08
1.141400000000000053e-01 9.857138542390286292e-08
1.164400000000000018e-01 8.609393743655993361e-08
1.188000000000000028e-01 5.421479325132250018e-08
1.212000000000000022e-01 6.387641344163082741e-08
1.236499999999999960e-01 4.340577359714563032e-08
1.261400000000000021e-01 5.115617453438750874e-08
1.286899999999999988e-01 6.381618989653073815e-08
1.312899999999999900e-01 3.924226143020555444e-08
1.339400000000000035e-01 5.615060971261498808e-08
1.366499999999999937e-01 2.692681490207627535e-08
1.394100000000000061e-01 4.078284755074011706e-08
1.422299999999999953e-01 2.730082526583082291e-08
1.451000000000000068e-01 3.328794337982698906e-08
1.480299999999999949e-01 3.004370969835980276e-08
1.510199999999999876e-01 2.621069324875396614e-08
1.540700000000000125e-01 1.741139630877259629e-08
1.571799999999999864e-01 2.478910281857879833e-08
1.603600000000000025e-01 2.060632734427587739e-08
1.635999999999999954e-01 2.243659469064670735e-08
1.668999999999999928e-01 1.399888455103179093e-08
1.702799999999999869e-01 1.831406384814495061e-08
1.737100000000000033e-01 9.428588311765055079e-09
1.772199999999999886e-01 1.712980332829046736e-08
1.807999999999999885e-01 1.222345953971789162e-08
1.844600000000000128e-01 1.169206449573190069e-08
1.881799999999999862e-01 1.018445408064202936e-08
1.919800000000000118e-01 7.352999800677695511e-09
1.958600000000000063e-01 1.168139168550099423e-08
1.998199999999999976e-01 6.808696268974322924e-09
2.038600000000000134e-01 5.939986712925370873e-09
2.079699999999999882e-01 1.092865406864635453e-08
2.121800000000000075e-01 6.866909090909091034e-09
2.164600000000000135e-01 4.260762711864406736e-09
2.208299999999999985e-01 5.753217931646693047e-09
2.253000000000000003e-01 6.584793694946685298e-09
2.298499999999999988e-01 3.301408179012345765e-09
2.344900000000000040e-01 2.480275641665834278e-09
2.392299999999999982e-01 5.247090328561129193e-09
2.440599999999999992e-01 4.827666585435627354e-09
2.489899999999999891e-01 2.823417907683592521e-09
2.540200000000000236e-01 2.513827961090978234e-09
2.591499999999999915e-01 2.847999999999999678e-09
2.643900000000000139e-01 2.584449498778535838e-09
2.697300000000000253e-01 3.277761051733654329e-09
2.751799999999999802e-01 3.257159348804260948e-09
2.807399999999999896e-01 1.870217997499965261e-09
2.864099999999999979e-01 2.403753574661934178e-09
2.921900000000000053e-01 2.090049027692400034e-09
2.980999999999999761e-01 1.226523900812019656e-09
3.041200000000000014e-01 1.401837617878826775e-09
3.102599999999999802e-01 1.222131311781993168e-09
3.165299999999999780e-01 1.132654118459679025e-09
3.229199999999999848e-01 1.167707531807526383e-09
3.294500000000000206e-01 1.194378301956990671e-09
3.361000000000000099e-01 1.278552720923465070e-09
3.428899999999999726e-01 1.327602635580334510e-09
3.498200000000000198e-01 1.120258529349438458e-09
3.568899999999999850e-01 8.808802388587857439e-10
3.640900000000000247e-01 4.110901303366646643e-10
3.714500000000000024e-01 6.191592698040529226e-10
3.789500000000000091e-01 6.441149442416114147e-10
3.866100000000000092e-01 8.445619920010321037e-10
3.944199999999999928e-01 4.039964547578760951e-10
4.023900000000000254e-01 3.941227554136201872e-10
4.105199999999999960e-01 5.420823216218587644e-10
4.188100000000000156e-01 3.886852394916910733e-10
4.272699999999999831e-01 3.694841813489661520e-10
4.359000000000000097e-01 5.657065109179000619e-10
4.447099999999999942e-01 2.711171756252590727e-10
4.536899999999999822e-01 4.198503489459673386e-10
4.628599999999999937e-01 2.496418257510407991e-10
4.722100000000000186e-01 3.031513016245841017e-10
4.817400000000000015e-01 1.673901491927242990e-10
4.914799999999999724e-01 3.451981739835317648e-10
5.014100000000000223e-01 1.923901918027680129e-10
5.115300000000000402e-01 1.809698375870069633e-10
5.218699999999999450e-01 2.210396399012632685e-10
5.324100000000000499e-01 1.353404728227924799e-10
5.431700000000000417e-01 1.582106873450440765e-10
5.541399999999999659e-01 9.608307624504187580e-11
5.653299999999999992e-01 1.550934713833764726e-10
5.767499999999999849e-01 5.713342140026420011e-12
5.884000000000000341e-01 1.141245063005454281e-14
6.002899999999999903e-01 2.998166939443534976e-16
6.124199999999999644e-01 6.801217177242887669e-17
6.247899999999999565e-01 8.745624687477677011e-17
6.374100000000000321e-01 4.185088439435778692e-16
6.502900000000000347e-01 4.893776321946654196e-15
6.634200000000000097e-01 9.179232211264162953e-14
6.768300000000000427e-01 1.813186813186813201e-12
6.905000000000000027e-01 2.476669634906500458e-11
7.044500000000000206e-01 1.680629246951503282e-10
7.186799999999999855e-01 5.748126520681266044e-10
7.331999999999999629e-01 1.090975691653354258e-09
7.480099999999999527e-01 1.265666560272369290e-09
7.631200000000000205e-01 9.884847743127024066e-10
7.785400000000000098e-01 5.723261658754537411e-10
7.942599999999999660e-01 2.705577393484319590e-10
8.103099999999999747e-01 1.150094835597082372e-10
8.266799999999999704e-01 4.841334309874159813e-11
8.433800000000000185e-01 2.222686617069297233e-11
8.604100000000000081e-01 1.200699708454810538e-11
8.778000000000000247e-01 7.611239074393276410e-12
8.955300000000000482e-01 5.541170460713259353e-12
9.136199999999999877e-01 4.534594242368548392e-12
9.320800000000000196e-01 4.082546344875831100e-12
9.509100000000000330e-01 3.957929039581121524e-12
9.701100000000000279e-01 4.043776593705676987e-12
9.897099999999999786e-01 4.261403543978647810e-12
1.009700000000000042e+00 4.533725572599285764e-12
1.030100000000000016e+00 4.765980855979755634e-12
1.050899999999999945e+00 4.867835826054893175e-12
1.072100000000000053e+00 4.835751007699548240e-12
1.093800000000000106e+00 4.697628558426454991e-12
1.115899999999999892e+00 4.486612463253793589e-12
1.138400000000000079e+00 4.235496490303249532e-12
1.161399999999999988e+00 3.973431004912647605e-12
1.184900000000000064e+00 3.723806042884990012e-12
1.208800000000000097e+00 3.505361930294906108e-12
1.233300000000000063e+00 3.331995451200748926e-12
1.258199999999999985e+00 3.215472518227705994e-12
1.283600000000000074e+00 3.162025130428392985e-12
1.309500000000000108e+00 3.160248016637140656e-12
1.336000000000000076e+00 3.196729915220024108e-12
1.362999999999999989e+00 3.259321962161933356e-12
1.390500000000000069e+00 3.335596379126730942e-12
1.418600000000000083e+00 3.412552924207881371e-12
1.447200000000000042e+00 3.475581792457432595e-12
1.476499999999999924e+00 3.509490918393451379e-12
1.506299999999999972e+00 3.498524440628856365e-12
1.536699999999999955e+00 3.429286960436715178e-12
1.567800000000000082e+00 3.294551679357770927e-12
1.599399999999999933e+00 3.104643962848297011e-12
1.631799999999999917e+00 2.874374797012016775e-12
1.664700000000000069e+00 2.618713370587433483e-12
1.698399999999999910e+00 2.351637351637351465e-12
1.732699999999999907e+00 2.084927601470477835e-12
1.767700000000000049e+00 1.827901117934183787e-12
1.803399999999999892e+00 1.587243886318572457e-12
1.839800000000000102e+00 1.367348708167157763e-12
1.877000000000000002e+00 1.170625170625170657e-12
1.914900000000000047e+00 9.977077363896848173e-13
1.953600000000000003e+00 8.492325275959216211e-13
1.993000000000000105e+00 7.242359181611517289e-13
2.033300000000000107e+00 6.208511954744332857e-13
2.074399999999999800e+00 5.367599294729028098e-13
2.116299999999999848e+00 4.695580157599230696e-13
2.158999999999999808e+00 4.169980945560571142e-13
2.202599999999999891e+00 3.771687167642477395e-13
2.247100000000000097e+00 3.486102689210723199e-13
2.292499999999999982e+00 3.303466966811308693e-13
2.338799999999999990e+00 3.214913440450451812e-13
2.386099999999999888e+00 3.199751678619855684e-13
2.434299999999999908e+00 3.239124839124839097e-13
2.483499999999999819e+00 3.316389069147018861e-13
2.533599999999999852e+00 3.415137571247325151e-13
2.584799999999999986e+00 3.517416993256012678e-13
2.637000000000000011e+00 3.603511338697878519e-13
2.690300000000000136e+00 3.651536113490128919e-13
2.744699999999999918e+00 3.639531127417047686e-13
2.800100000000000033e+00 3.548324523543960534e-13
2.856700000000000017e+00 3.372063394995667978e-13
2.914400000000000102e+00 3.135627259338599885e-13
2.973300000000000054e+00 2.870008161427404992e-13
3.033300000000000107e+00 2.600745385707524516e-13
3.094599999999999795e+00 2.346898803046789873e-13
3.157099999999999795e+00 2.121307189542483686e-13
3.220899999999999874e+00 1.931741669529371512e-13
3.286000000000000032e+00 1.782636957856343123e-13
3.352300000000000058e+00 1.676765375854214120e-13
3.420100000000000140e+00 1.617011934698439281e-13
3.489199999999999857e+00 1.603911364780929847e-13
3.559600000000000097e+00 1.625717059394581100e-13
3.631600000000000161e+00 1.668847438752783857e-13
3.704899999999999860e+00 1.719687728714320412e-13
3.779799999999999827e+00 1.762994509723433648e-13
3.856100000000000083e+00 1.782364686201499983e-13
3.934000000000000163e+00 1.761010215664018407e-13
4.013499999999999623e+00 1.685369784516206045e-13
4.094599999999999795e+00 1.548753688704715252e-13
4.177299999999999791e+00 1.354180425307092705e-13
4.261700000000000266e+00 1.119972212573810459e-13
4.347800000000000331e+00 8.807366267173340720e-14
4.435599999999999987e+00 6.638041054816638483e-14
4.525199999999999889e+00 4.831769653833711043e-14
4.616600000000000037e+00 3.424134116245425293e-14
4.709900000000000198e+00 2.380696570865789238e-14
4.804999999999999716e+00 1.637023080546396619e-14
4.902099999999999902e+00 1.121927042030134694e-14
5.001100000000000101e+00 7.724773896080864457e-15
5.102100000000000080e+00 5.385037598111860707e-15
5.205199999999999605e+00 3.832326336340846960e-15
5.310399999999999565e+00 2.811132185585059467e-15
5.417600000000000193e+00 2.146440088038081837e-15
5.527099999999999902e+00 1.722986168163881197e-15
5.638700000000000045e+00 1.468507676386782266e-15
5.752600000000000158e+00 1.342186940432135620e-15
5.868900000000000006e+00 1.328584443327469310e-15
5.987400000000000055e+00 1.438464209534203016e-15
6.108399999999999608e+00 1.720477649352457740e-15
6.231799999999999784e+00 2.295851048233396718e-15
6.357700000000000351e+00 3.421890374486311140e-15
6.486100000000000421e+00 5.515448211420097585e-15
6.617099999999999760e+00 9.233878729547641427e-15
6.750799999999999912e+00 1.542203405098639830e-14
6.887199999999999989e+00 2.468105288119516377e-14
7.026299999999999990e+00 3.634978899792743948e-14
7.168199999999999683e+00 4.732441031844119362e-14
7.312999999999999723e+00 5.230671245015507453e-14
7.460799999999999876e+00 4.714923153197818950e-14
7.611500000000000377e+00 3.328521407948891241e-14
7.765299999999999869e+00 1.800116455859993991e-14
7.922100000000000364e+00 7.822146507666099936e-15
8.082200000000000273e+00 2.911968419163825340e-15
8.245400000000000063e+00 9.903228245255916453e-16
8.412000000000000810e+00 3.280560643465795786e-16
8.581899999999999196e+00 1.128817114093959868e-16
8.755300000000000082e+00 4.301842605275948751e-17
8.932199999999999918e+00 1.936132576110231717e-17
9.112600000000000477e+00 1.097346868716590737e-17
9.296699999999999520e+00 8.351761909682753155e-18
9.484500000000000597e+00 8.905280348394122197e-18
9.676099999999999923e+00 1.277487811872669824e-17
9.871600000000000819e+00 2.321085393122620148e-17
1.007099999999999973e+01 5.028082017320427949e-17
1.027399999999999913e+01 1.222639736965711541e-16
1.048199999999999932e+01 3.141846980625088072e-16
1.069400000000000084e+01 8.031296572280178773e-16
1.091000000000000014e+01 1.922418531605810835e-15
1.113000000000000078e+01 4.057265806024495751e-15
1.135500000000000043e+01 7.107186464329321571e-15
1.158399999999999963e+01 9.895210956889420417e-15
1.181799999999999962e+01 1.118872311567525501e-14
1.205700000000000038e+01 1.066384829825689846e-14
1.230100000000000016e+01 8.892679934129094390e-15
1.254899999999999949e+01 6.733376445094901958e-15
1.280300000000000082e+01 4.804769251007546077e-15
1.306099999999999994e+01 3.353587817054106754e-15
1.332499999999999929e+01 2.376142887518605151e-15
1.359399999999999942e+01 1.773911094299443855e-15
1.386899999999999977e+01 1.448195902934704063e-15
1.414899999999999913e+01 1.326632618105944912e-15
1.443500000000000050e+01 1.339719280965279526e-15
1.472700000000000031e+01 1.450238853503184832e-15
1.502399999999999913e+01 1.636136355341435825e-15
1.532799999999999940e+01 1.870581670547035804e-15
1.563700000000000045e+01 2.107163870234737988e-15
1.595299999999999940e+01 2.274088653089166769e-15
1.627499999999999858e+01 2.286313699835322125e-15
1.660399999999999920e+01 2.081713728382139938e-15
1.694000000000000128e+01 1.669267240298020714e-15
1.728200000000000003e+01 1.158703703703703723e-15
1.763100000000000023e+01 7.134726445889015596e-16
1.798699999999999832e+01 4.033306852620119784e-16
1.835099999999999909e+01 2.166547711404189707e-16
1.872100000000000009e+01 1.144498265366236837e-16
1.909900000000000020e+01 6.153474403672891978e-17
1.948499999999999943e+01 3.485072453214883378e-17
1.987900000000000134e+01 2.151958525345621740e-17
2.028000000000000114e+01 1.499412646332077473e-17
2.069000000000000128e+01 1.220005127328661598e-17
2.110800000000000054e+01 1.187136611529273880e-17
2.153500000000000014e+01 1.358168505135032316e-17
2.196999999999999886e+01 1.778803230175051383e-17
2.241300000000000026e+01 2.596645325149478951e-17
2.286599999999999966e+01 4.113933236574745866e-17
2.332799999999999940e+01 6.887109121959837174e-17
2.379899999999999949e+01 1.186331158744951813e-16
2.428000000000000114e+01 2.047132087840052461e-16
2.477100000000000080e+01 3.445535652534753039e-16
2.527100000000000080e+01 5.507807939287799446e-16
2.578200000000000003e+01 8.176778564829072358e-16
2.630199999999999960e+01 1.120480948899179556e-15
2.683399999999999963e+01 1.414316330904415168e-15
2.737600000000000122e+01 1.640705563093622763e-15
2.792899999999999849e+01 1.745609011072928692e-15
2.849299999999999855e+01 1.699386564863966476e-15
2.906899999999999906e+01 1.510799778902164225e-15
2.965599999999999881e+01 1.223736608895619444e-15
3.025499999999999901e+01 9.011850220785830747e-16
3.086599999999999966e+01 6.020739630184907772e-16
3.148999999999999844e+01 3.653661045108716965e-16
3.212599999999999767e+01 2.042389746301682556e-16
3.277499999999999858e+01 1.069988102756929018e-16
3.343699999999999761e+01 5.344236880861948757e-17
3.411200000000000188e+01 2.707562915207644884e-17
3.480100000000000193e+01 2.855785837651122765e-17
3.550399999999999778e+01 3.012177781018704478e-17
3.622200000000000131e+01 3.177269753300234505e-17
3.695300000000000296e+01 3.351411740808450287e-17
3.770000000000000284e+01 3.535251736855648344e-17
3.846200000000000330e+01 3.729458101317397744e-17
3.923899999999999721e+01 3.934144185046237777e-17
4.003099999999999881e+01 4.150248480108978786e-17
4.084000000000000341e+01 4.378279048709686121e-17
4.166499999999999915e+01 4.618888295329940345e-17
4.250699999999999790e+01 4.873248634528615234e-17
4.336500000000000199e+01 5.141343863607872640e-17
4.424099999999999966e+01 5.424194295546290398e-17
4.513499999999999801e+01 5.722820011179429708e-17
4.604699999999999704e+01 6.038216090597217546e-17
4.697699999999999676e+01 6.371178188899708299e-17
4.792600000000000193e+01 6.722599218589347651e-17
4.889399999999999835e+01 7.093412081469579034e-17
4.988199999999999790e+01 7.484752602375382967e-17
5.089000000000000057e+01 7.898406856810808677e-17
5.191799999999999926e+01 8.334526488034363339e-17
5.296600000000000108e+01 8.795226266335457123e-17
5.403600000000000136e+01 9.282007413743940368e-17
5.512800000000000011e+01 9.795230065044568130e-17
5.624199999999999733e+01 1.033710723826485174e-16
5.737800000000000011e+01 1.090951837173372682e-16
5.853699999999999903e+01 1.151401206101454399e-16
5.971999999999999886e+01 1.215211689771449908e-16
6.092600000000000193e+01 1.282627621685793272e-16
6.215699999999999648e+01 1.353673827635208556e-16
6.341199999999999903e+01 1.428874172185430445e-16
6.469299999999999784e+01 1.508207423988061732e-16
6.600000000000000000e+01 1.591862870653137605e-16
6.733400000000000318e+01 1.680455392172166553e-16
6.869400000000000261e+01 1.773830070245253907e-16
7.008199999999999363e+01 1.872445187662578922e-16
7.149699999999999989e+01 1.976715656206295918e-16
7.294199999999999307e+01 2.086729999092782584e-16
7.441500000000000625e+01 2.203023166657538829e-16
7.591800000000000637e+01 2.325729412275245772e-16
7.745199999999999818e+01 2.455488820625678228e-16
7.901699999999999591e+01 2.592359361880772686e-16
8.061299999999999955e+01 2.737136617988263050e-16
8.224099999999999966e+01 2.889846242587018061e-16
8.390300000000000580e+01 3.051386561023922027e-16
8.559799999999999898e+01 3.221839843828614068e-16
8.732699999999999818e+01 3.402092548485879570e-16
8.909099999999999397e+01 3.592359550561797987e-16
9.089100000000000534e+01 3.793545629407993103e-16
9.272700000000000387e+01 4.005872167432055759e-16
9.459999999999999432e+01 4.230402036703087093e-16
9.651099999999999568e+01 4.467488789237668453e-16
9.846099999999999852e+01 4.718165931103936142e-16
1.004500000000000028e+02 4.982938358951882688e-16
1.024800000000000040e+02 5.262879264136585598e-16
1.045499999999999972e+02 5.558664102115755058e-16
1.066599999999999966e+02 5.871067903744501589e-16
1.088199999999999932e+02 6.201453465656013366e-16
1.110100000000000051e+02 6.550200305620946895e-16
1.132600000000000051e+02 6.919147821531476839e-16
1.155400000000000063e+02 7.309396344840316880e-16
1.178799999999999955e+02 7.721129921451920497e-16
1.202600000000000051e+02 8.157107489168556769e-16
1.226899999999999977e+02 8.618169920383902699e-16
1.251700000000000017e+02 9.104641106947246118e-16
1.277000000000000028e+02 9.619628162145687480e-16
1.302800000000000011e+02 1.016370198504769325e-15
1.329099999999999966e+02 1.073872154831675069e-15
1.355900000000000034e+02 1.134755350580096531e-15
1.383300000000000125e+02 1.199116055779928602e-15
1.411299999999999955e+02 1.267144814247723345e-15
1.439799999999999898e+02 1.339100051133458420e-15
1.468899999999999864e+02 1.415232086525462085e-15
1.498499999999999943e+02 1.495567629396625730e-15
1.528799999999999955e+02 1.580735572851554613e-15
1.559699999999999989e+02 1.670772150953858596e-15
1.591200000000000045e+02 1.766019603640998476e-15
1.623300000000000125e+02 1.866655530764917261e-15
1.656100000000000136e+02 1.973242458664647068e-15
1.689600000000000080e+02 2.086014901060165212e-15
1.723700000000000045e+02 2.205396242407119703e-15
1.758499999999999943e+02 2.331709212650206139e-15
1.794099999999999966e+02 2.465248675575235219e-15
1.830300000000000011e+02 2.606803996050803892e-15
1.867299999999999898e+02 2.756684965468390060e-15
1.905000000000000000e+02 2.915401626747629143e-15
1.943499999999999943e+02 3.083407715957552659e-15
1.982800000000000011e+02 3.261321408326510528e-15
2.022800000000000011e+02 3.449409986888597870e-15
2.063700000000000045e+02 3.648788520348153647e-15
2.105399999999999920e+02 3.859850088403017933e-15
2.147899999999999920e+02 4.083252049666517594e-15
2.191299999999999955e+02 4.319602589863809228e-15
2.235600000000000023e+02 4.569681212515142100e-15
