0.000598411 0.0845145
0.000658252 0.10411
0.000724077 0.129259
0.000796485 0.160945
0.000876133 0.200352
0.000963746 0.248905
0.00106012 0.308167
0.00116613 0.380366
0.00128275 0.467708
0.00141102 0.572874
0.00155212 0.69897
0.00170734 0.849578
0.00187807 1.02881
0.00206588 1.24136
0.00227246 1.49263
0.00249971 1.78881
0.00274968 2.13696
0.00302465 2.54518
0.00332711 3.0227
0.00365983 3.58013
0.00402581 4.22957
0.00442839 4.9849
0.00487123 5.86202
0.00535835 6.87912
0.00589419 8.05701
0.0064836 9.41958
0.00713196 10.9942
0.00784516 12.8121
0.00862968 14.9092
0.00949264 17.3265
0.0104419 20.1109
0.0114861 23.3163
0.0126347 27.0042
0.0138982 31.2448
0.015288 36.1183
0.0168168 41.7167
0.0184985 48.1447
0.0203483 55.522
0.0223832 63.9851
0.0246215 73.6896
0.0270836 84.8129
0.029792 97.5571
0.0327712 112.152
0.0360483 128.86
0.0396531 147.978
0.0436184 169.845
0.0479803 194.844
0.0527783 223.412
0.0580561 256.044
0.0638618 293.299
0.0702479 335.812
0.0772727 384.302
0.085 439.579
0.0935 502.56
0.10285 574.279
0.113135 655.904
0.124449 748.747
0.136893 854.285
0.150583 974.177
0.165641 1110.29
0.182205 1264.7
0.200426 1439.76
0.220468 1638.07
0.242515 1862.56
0.266766 2116.46
0.293443 2403.41
0.322787 2727.41
0.355066 3092.92
0.390573 3504.89
0.42963 3968.75
0.472593 4490.53
0.519852 5076.84
0.571838 5734.96
