0.000598411 11.147 0 11.147
0.000610379 12.4998 0.00132677 10.1227
0.000622586 13.1255 0.00191194 9.72087
0.000635038 13.6398 0.00238616 9.41682
0.000647739 14.1008 0.00280705 9.1635
0.000660694 14.5322 0.00320001 8.93842
0.000673908 14.9451 0.00357762 8.72986
0.000687386 15.3419 0.0039394 8.54077
0.000701133 15.7283 0.00429169 8.36535
0.000715156 16.1085 0.00464091 8.19636
0.000729459 16.4811 0.00498027 8.04464
0.000744048 16.8544 0.00532964 7.88277
0.000758929 17.2225 0.00566902 7.74091
0.000774108 17.5901 0.00601168 7.60018
0.00078959 17.958 0.00635767 7.46129
0.000805382 18.3264 0.00670704 7.32467
0.00082149 18.6959 0.00705982 7.19087
0.000837919 19.0669 0.00741612 7.06055
0.000854678 19.4405 0.00776943 6.94653
0.000871771 19.8166 0.00813976 6.81297
0.000889207 20.1963 0.00850729 6.69689
0.000906991 20.5792 0.00888554 6.574
0.000925131 20.9664 0.00926797 6.45728
0.000943633 21.3586 0.00965473 6.34739
0.000962506 21.7546 0.0100527 6.23126
0.000981756 22.1566 0.0104554 6.12289
0.00100139 22.5677 0.0108713 6.01177
0.00102142 22.9835 0.0112916 5.90784
0.00104185 23.4028 0.0117236 5.79747
0.00106268 23.8293 0.0121611 5.69617
0.00108394 24.2604 0.0126109 5.58912
0.00110562 24.6964 0.0130736 5.47649
0.00112773 25.1414 0.0135425 5.37431
0.00115028 25.5961 0.0140181 5.28325
0.00117329 26.0566 0.0145072 5.18739
0.00119676 26.5231 0.0150102 5.0867
0.00122069 26.9953 0.0155272 4.98099
0.0012451 27.4789 0.0160521 4.88773
0.00127001 27.9749 0.0165852 4.80783
0.00129541 28.4717 0.01714 4.70567
0.00132131 28.9812 0.0177035 4.61708
0.00134774 29.4978 0.0182829 4.52425
0.0013747 30.0283 0.0188718 4.44593
0.00140219 30.5662 0.0194771 4.36368
0.00143023 31.1116 0.0200994 4.2774
0.00145884 31.6649 0.020739 4.18726
0.00148801 32.2336 0.0213896 4.11272
0.00151778 32.8103 0.0220583 4.03452
0.00154813 33.3954 0.0227455 3.95265
0.00157909 33.9889 0.0234517 3.86709
0.00161068 34.5993 0.0241707 3.79828
0.00164289 35.2098 0.0249161 3.70538
0.00167575 35.8469 0.0256686 3.65053
0.00170926 36.4843 0.0264486 3.57151
0.00174345 37.1308 0.0272499 3.48902
0.00177832 37.7961 0.0280664 3.42452
0.00181388 38.4711 0.0289053 3.35688
0.00185016 39.1559 0.0297671 3.28607
0.00188716 39.8506 0.0306523 3.21215
0.00192491 40.5656 0.0315549 3.15706
0.0019634 41.291 0.0324821 3.09909
0.00200267 42.0269 0.0334346 3.03817
0.00204273 42.7736 0.0344128 2.9744
0.00208358 43.5312 0.0354176 2.90774
0.00212525 44.3105 0.0364428 2.86087
0.00216776 45.0902 0.0375024 2.78843
0.00221111 45.8923 0.0385839 2.73612
0.00225533 46.7061 0.0396945 2.68115
0.00230044 47.5316 0.0408351 2.62349
0.00234645 48.3691 0.0420062 2.56315
0.00239338 49.2302 0.0432022 2.5236
0.00244125 50.0923 0.0444369 2.45812
0.00249007 50.9784 0.045698 2.41357
0.00253987 51.8773 0.046993 2.36652
0.00259067 52.7893 0.0483226 2.31714
0.00264248 53.7144 0.0496876 2.26537
0.00269533 54.6648 0.0510825 2.23504
0.00274924 55.6168 0.0525214 2.17846
0.00280422 56.5948 0.0539918 2.14367
0.00286031 57.5867 0.0555015 2.10663
0.00291751 58.5807 0.0570581 2.04313
0.00297587 59.6013 0.0586493 2.00161
0.00303538 60.6489 0.0602761 1.98229
0.00309609 61.6991 0.0619529 1.9365
0.00315801 62.7644 0.0636741 1.88862
0.00322117 63.8575 0.0654343 1.86312
0.0032856 64.9536 0.0672478 1.81105
0.00335131 66.0781 0.0691026 1.78147
0.00341833 67.2187 0.0710065 1.75005
0.0034867 68.3756 0.0729608 1.71661
0.00355643 69.5489 0.0749667 1.68127
0.00362756 70.7391 0.0770256 1.64402
0.00370011 71.9463 0.0791388 1.60492
0.00377412 73.1838 0.081301 1.58894
0.0038496 74.4257 0.083527 1.54609
0.00392659 75.6984 0.0858049 1.5265
0.00400512 76.9762 0.0881495 1.48013
0.00408523 78.2854 0.090549 1.45707
0.00416693 79.6132 0.0930116 1.43234
0.00425027 80.9599 0.095539 1.40597
0.00433527 82.3257 0.0981328 1.3779
0.00442198 83.711 0.100795 1.34824
0.00451042 85.116 0.103526 1.31703
0.00460063 86.5544 0.106323 1.30944
0.00469264 87.9996 0.1092 1.27495
0.00478649 89.4656 0.112152 1.23912
0.00488222 90.9658 0.115174 1.22697
0.00497987 92.4873 0.118276 1.21351
0.00507946 94.0168 0.121465 1.17311
0.00518105 95.5816 0.124732 1.15667
0.00528467 97.1687 0.128083 1.13894
0.00539037 98.7782 0.131522 1.11975
0.00549818 100.411 0.135051 1.09929
0.00560814 102.066 0.138672 1.07747
0.0057203 103.745 0.142387 1.05432
0.00583471 105.448 0.146199 1.02989
0.0059514 107.175 0.15011 1.00424
0.00607043 108.94 0.154117 1.00279
0.00619184 110.717 0.158234 0.974637
0.00631568 112.519 0.162458 0.945322
0.00644199 114.36 0.166786 0.940374
0.00657083 116.226 0.171226 0.934199
0.00670224 118.106 0.175788 0.901406
0.00683629 120.026 0.180461 0.893014
0.00697302 121.974 0.185256 0.883583
0.00711248 123.935 0.190181 0.847475
0.00725473 125.937 0.195228 0.835853
0.00739982 127.969 0.200405 0.823258
0.00754782 130.028 0.205716 0.809605
0.00769877 132.117 0.211165 0.794892
0.00785275 134.236 0.216754 0.779254
0.0080098 136.384 0.222488 0.762768
0.00817 138.563 0.228369 0.745225
0.0083334 140.786 0.234396 0.752384
0.00850007 143.027 0.240585 0.732989
0.00867007 145.3 0.246934 0.712629
0.00884347 147.605 0.253446 0.691583
0.00902034 149.956 0.260119 0.695189
0.00920075 152.327 0.26697 0.672194
0.00938476 154.744 0.273991 0.674206
0.00957246 157.183 0.281199 0.649644
0.00976391 159.669 0.288586 0.650016
0.00995918 162.177 0.296169 0.623764
0.0101584 164.733 0.303939 0.62252
0.0103615 167.326 0.31191 0.620639
0.0105688 169.942 0.320091 0.592197
0.0107801 172.608 0.328475 0.58868
0.0109957 175.312 0.337073 0.584526
0.0112157 178.054 0.345892 0.579724
0.01144 180.821 0.354943 0.548362
0.0116688 183.64 0.364218 0.54213
0.0119021 186.499 0.37373 0.535197
0.0121402 189.399 0.383485 0.527576
0.012383 192.339 0.39349 0.519408
0.0126307 195.32 0.403749 0.510561
0.0128833 198.344 0.414269 0.501125
0.0131409 201.41 0.425058 0.491078
0.0134037 204.519 0.436121 0.480486
0.0136718 207.671 0.447466 0.469278
0.0139453 210.868 0.459098 0.457579
0.0142242 214.123 0.471021 0.470895
0.0145086 217.411 0.483252 0.458015
0.0147988 220.744 0.495794 0.444579
0.0150948 224.124 0.508654 0.430787
0.0153967 227.565 0.521833 0.442028
0.0157046 231.04 0.535353 0.427115
0.0160187 234.565 0.549215 0.411767
0.0163391 238.152 0.563421 0.421598
0.0166659 241.775 0.577993 0.405229
0.0169992 245.449 0.592934 0.388527
0.0173392 249.189 0.608245 0.396899
0.017686 252.966 0.62395 0.379251
0.0180397 256.81 0.640044 0.386868
0.0184005 260.695 0.656551 0.368396
0.0187685 264.646 0.673466 0.375167
0.0191439 268.64 0.690815 0.355836
0.0195267 272.702 0.708594 0.361853
0.0199173 276.808 0.726826 0.341821
0.0203156 280.984 0.74551 0.347089
0.0207219 285.205 0.764671 0.326419
0.0211364 289.498 0.784306 0.330878
0.0215591 293.85 0.804433 0.335204
0.0219903 298.25 0.825073 0.313422
0.0224301 302.724 0.846223 0.316898
0.0228787 307.247 0.867909 0.294866
0.0233363 311.845 0.890132 0.29758
0.023803 316.508 0.912911 0.300126
0.024279 321.235 0.936259 0.302582
0.0247646 326.014 0.960197 0.279189
0.0252599 330.873 0.984727 0.280926
0.0257651 335.799 1.00987 0.282394
0.0262804 340.793 1.03564 0.283804
0.026806 345.843 1.06206 0.259455
0.0273421 350.975 1.08913 0.26019
0.027889 356.179 1.11687 0.260664
0.0284468 361.454 1.14531 0.261074
0.0290157 366.802 1.17445 0.261258
0.029596 372.21 1.20432 0.236027
0.0301879 377.706 1.23493 0.235725
0.0307917 383.278 1.2663 0.235179
0.0314075 388.926 1.29845 0.234507
0.0320357 394.652 1.33139 0.233686
0.0326764 400.456 1.36515 0.232718
0.0333299 406.34 1.39975 0.23169
0.0339965 412.305 1.4352 0.230507
0.0346764 418.351 1.47153 0.229052
0.03537 424.467 1.50877 0.20237
0.0360774 430.68 1.54692 0.200678
0.0367989 436.977 1.58601 0.198731
0.0375349 443.361 1.62606 0.196804
0.0382856 449.832 1.6671 0.194715
0.0390513 456.392 1.70916 0.192598
0.0398323 463.04 1.75225 0.190336
0.040629 469.779 1.7964 0.187904
0.0414416 476.61 1.84164 0.18554
0.0422704 483.534 1.88799 0.182991
0.0431158 490.553 1.93547 0.180467
0.0439781 497.666 1.98413 0.177804
0.0448577 504.876 2.03398 0.175083
0.0457548 512.184 2.08505 0.172367
0.0466699 519.591 2.13737 0.169525
0.0476033 527.098 2.19097 0.166722
0.0485554 534.707 2.24589 0.163794
0.0495265 542.418 2.30215 0.160915
0.050517 550.234 2.35978 0.157974
0.0515274 558.156 2.41883 0.154948
0.0525579 566.184 2.47931 0.152014
0.0536091 574.32 2.54127 0.149085
0.0546813 582.566 2.60474 0.146028
0.0557749 590.923 2.66976 0.143085
0.0568904 599.392 2.73636 0.140145
0.0580282 607.976 2.80458 0.137069
0.0591888 616.674 2.87446 0.134187
0.0603725 625.489 2.94604 0.131316
0.06158 634.422 3.01935 0.128332
0.0628116 643.474 3.09445 0.125509
0.0640678 652.648 3.17137 0.122701
0.0653492 661.944 3.25015 0.119955
0.0666561 671.364 3.33084 0.117239
0.0679893 680.91 3.41348 0.114591
0.0693491 690.583 3.49813 0.111841
0.070736 700.385 3.58481 0.109278
0.0721508 710.33 3.67359 0.131191
0.0735938 720.393 3.76452 0.128652
0.0750657 730.591 3.85764 0.126188
0.076567 740.924 3.953 0.123802
0.0780983 751.393 4.05066 0.121465
0.0796603 762.002 4.15067 0.119232
0.0812535 772.75 4.25309 0.117067
0.0828785 783.64 4.35797 0.114988
0.0845361 794.674 4.46537 0.113184
0.0862268 805.853 4.57534 0.111277
0.0879514 817.179 4.68795 0.109417
0.0897104 828.654 4.80327 0.107742
0.0915046 840.279 4.92134 0.106117
0.0933347 852.058 5.04224 0.104813
0.0952014 863.991 5.16603 0.103444
0.0971054 876.079 5.29278 0.102349
0.0990475 888.326 5.42256 0.101194
0.101028 900.732 5.55543 0.100156
0.103049 913.3 5.69147 0.0994436
0.10511 926.033 5.83076 0.0986536
0.107212 938.917 5.97335 0.0740697
0.109356 951.983 6.11935 0.0736241
0.111544 965.217 6.26881 0.0732981
0.113774 978.623 6.42181 0.072868
0.11605 992.203 6.57846 0.0727964
0.118371 1005.96 6.73881 0.0728618
0.120738 1019.89 6.90297 0.0730925
0.123153 1034 7.07101 0.0731599
0.125616 1048.3 7.24302 0.0737002
0.128129 1062.77 7.41911 0.0744024
0.130691 1077.44 7.59934 0.0752751
0.133305 1092.29 7.78384 0.0763415
0.135971 1107.33 7.97268 0.0775915
0.13869 1122.56 8.16597 0.0790029
0.141464 1137.98 8.36382 0.0570942
0.144294 1153.6 8.5663 0.0584055
0.147179 1169.43 8.77357 0.0599696
0.150123 1185.45 8.98568 0.0620454
0.153125 1201.68 9.20277 0.064095
0.156188 1218.11 9.42496 0.0663243
0.159312 1234.76 9.65233 0.0688635
0.162498 1251.6 9.88506 0.0488839
0.165748 1268.66 10.1232 0.0511502
0.169063 1285.94 10.3669 0.0540356
0.172444 1303.44 10.6163 0.0569457
0.175893 1321.15 10.8715 0.0605545
0.179411 1339.09 11.1326 0.0641748
0.182999 1357.24 11.3999 0.0449879
0.186659 1375.63 11.6733 0.0485988
0.190392 1394.25 11.9531 0.0522819
0.1942 1413.1 12.2394 0.0567921
0.198084 1432.19 12.5323 0.0617288
0.202046 1451.5 12.832 0.0431208
0.206087 1471.06 13.1386 0.0477322
0.210208 1490.86 13.4523 0.0528513
0.214413 1510.91 13.7733 0.058613
0.218701 1531.19 14.1017 0.0407011
0.223075 1551.73 14.4376 0.0460188
0.227536 1572.53 14.7813 0.0520627
0.232087 1593.57 15.1329 0.0354235
0.236729 1614.87 15.4925 0.0409705
0.241463 1636.44 15.8604 0.0478605
0.246293 1658.26 16.2368 0.0321814
0.251219 1680.36 16.6217 0.0385714
0.256243 1702.72 17.0155 0.0454776
0.261368 1725.34 17.4183 0.030867
0.266595 1748.25 17.8302 0.0373142
0.271927 1771.43 18.2516 0.0448815
0.277366 1794.88 18.6825 0.0304285
0.282913 1818.63 19.1233 0.0382551
0.288571 1842.66 19.5741 0.0467117
0.294343 1866.96 20.0351 0.0327739
0.300229 1891.57 20.5066 0.0411205
0.306234 1916.45 20.9887 0.0277105
0.312359 1941.65 21.4818 0.0365081
0.318606 1967.13 21.986 0.0247456
0.324978 1992.92 22.5016 0.0328182
0.331478 2019.01 23.0288 0.0219578
0.338107 2045.41 23.5679 0.0299224
0.344869 2072.13 24.1192 0.0405539
0.351767 2099.15 24.6828 0.0285431
0.358802 2126.49 25.2591 0.0394498
0.365978 2154.14 25.8483 0.027857
0.373298 2182.13 26.4506 0.0392314
0.380764 2210.43 27.0665 0.0278854
0.388379 2239.05 27.6961 0.0187037
0.396146 2268.02 28.3398 0.0287409
0.404069 2297.31 28.9978 0.0195346
0.412151 2326.94 29.6704 0.030464
0.420394 2356.91 30.358 0.0210762
0.428802 2387.23 31.0609 0.033136
0.437378 2417.88 31.7793 0.023453
0.446125 2448.89 32.5137 0.0163636
0.455048 2480.25 33.2643 0.0278352
0.464149 2511.96 34.0314 0.0192626
0.473432 2544.03 34.8155 0.0132257
0.4829 2576.46 35.6169 0.0244802
0.492558 2609.25 36.4358 0.0177084
0.502409 2642.42 37.2728 0.031292
0.512458 2675.95 38.1281 0.0238534
0.522707 2709.85 39.0022 0.0175503
0.533161 2744.13 39.8954 0.0123864
0.543824 2778.79 40.8081 0.0249939
0.554701 2813.83 41.7407 0.0189349
0.565795 2849.25 42.6937 0.0138291
0.57711 2885.07 43.6673 0.02809
0.588653 2921.27 44.6622 0.0220903
0.600426 2957.86 45.6785 0.0167917
0.612434 2994.86 46.717 0.0135017
0.624683 3032.26 47.7779 0.00976958
0.637177 3070.06 48.8617 0.0234558
0.64992 3108.27 49.9689 0.0198955
0.662919 3146.88 51.1 0.0157022
0.676177 3185.91 52.2553 0.0118631
0.6897 3225.36 53.4355 0.00996715
0.703494 3265.22 54.6411 0.00694586
0.717564 3305.51 55.8723 0.0226031
0.731916 3346.22 57.13 0.0187838
0.746554 3387.36 58.4145 0.0168273
0.761485 3428.93 59.7264 0.0134963
0.776715 3470.94 61.0662 0.0122961
0.792249 3513.38 62.4345 0.0111816
0.808094 3556.26 63.8318 0.0101665
0.824256 3599.59 65.2588 0.00780533
0.840741 3643.37 66.7159 0.00747061
0.857556 3687.59 68.2039 0.00719766
0.874707 3732.27 69.7231 0.00698477
0.892201 3777.4 71.2744 0.00684431
0.910045 3822.99 72.8584 0.00677177
0.928246 3869.05 74.4756 0.00677439
0.946811 3915.57 76.1266 0.00685167
0.965747 3962.56 77.8123 0.00700488
0.985062 4010.02 79.5331 0.00723762
1.00476 4057.95 81.2899 0.00754506
1.02486 4106.36 83.0833 0.00794708
1.04536 4155.25 84.9139 0.00843235
1.06626 4204.63 86.7826 0.00900331
1.08759 4254.49 88.6899 0.0120172
1.10934 4304.84 90.6369 0.013528
1.13153 4355.69 92.624 0.0152342
1.15416 4407.02 94.6522 0.00496022
1.17724 4458.86 96.722 0.00599614
1.20079 4511.2 98.8345 0.00713476
1.2248 4564.04 100.99 0.00836525
1.2493 4617.39 103.191 0.00968043
1.27428 4671.25 105.436 0.0143609
1.29977 4725.63 107.727 0.00489829
1.32576 4780.51 110.064 0.00657641
1.35228 4835.92 112.449 0.00834586
1.37932 4891.85 114.883 0.010202
1.40691 4948.31 117.367 0.00399892
1.43505 5005.3 119.9 0.00618457
1.46375 5062.82 122.485 0.00843404
1.49303 5120.86 125.122 0.0107524
1.52289 5179.45 127.812 0.00474232
1.55334 5238.57 130.557 0.00741799
1.58441 5298.24 133.357 0.0101447
1.6161 5358.46 136.212 0.00417848
1.64842 5419.22 139.126 0.0072895
1.68139 5480.54 142.097 0.0104235
1.71502 5542.41 145.128 0.00462511
1.74932 5604.83 148.219 0.00814503
1.7843 5667.82 151.372 0.0116819
1.81999 5731.37 154.588 0.00615397
1.85639 5795.49 157.867 0.0100566
1.89352 5860.17 161.211 0.0044905
1.93139 5925.43 164.622 0.00878556
1.97002 5991.26 168.1 0
2.00942 6057.67 171.646 0.00791953
2.0496 6124.66 175.263 0
2.0906 6192.24 178.95 0.00750025
2.13241 6260.4 182.71 0
2.17506 6329.15 186.544 0.0075674
2.21856 6398.49 190.453 0
2.26293 6468.43 194.438 0.00814929
2.30819 6538.97 198.501 0
2.35435 6610.11 202.643 0.00927457
2.40144 6681.85 206.866 0
2.44947 6754.2 211.171 0.0109689
2.49846 6827.16 215.559 0.00648458
2.54842 6900.73 220.033 0
2.59939 6974.93 224.593 0.00906034
2.65138 7049.74 229.241 0
2.70441 7125.17 233.979 0
2.7585 7201.24 238.808 0.00828321
2.81367 7277.92 243.73 0
2.86994 7355.24 248.746 0
2.92734 7433.2 253.859 0.00878382
2.98589 7511.78 259.069 0
3.0456 7591.02 264.38 0
3.10652 7670.9 269.791 0.0106837
3.16865 7751.42 275.306 0.00743704
3.23202 7832.6 280.926 0
3.29666 7914.43 286.653 0
3.36259 7996.92 292.489 0.0113102
3.42984 8080.07 298.436 0.0085742
3.49844 8163.88 304.495 0
3.56841 8248.36 310.669 0
3.63978 8333.51 316.96 0
3.71257 8419.33 323.369 0
3.78683 8505.84 329.9 0.0104816
3.86256 8593.02 336.553 0.00857995
3.93981 8680.89 343.332 0
4.01861 8769.44 350.238 0
4.09898 8858.68 357.273 0
4.18096 8948.63 364.441 0
4.26458 9039.28 371.742 0
4.34987 9130.62 379.181 0
4.43687 9222.66 386.757 0
4.52561 9315.43 394.476 0
4.61612 9408.91 402.339 0
4.70844 9503.1 410.348 0
4.80261 9598 418.506 0
4.89866 9693.65 426.816 0
4.99664 9790.02 435.28 0
5.09657 9887.11 443.9 0
5.1985 9984.95 452.681 0
5.30247 10083.5 461.625 0
5.40852 10182.9 470.733 0
5.51669 10282.9 480.009 0
5.62702 10383.8 489.458 0
5.73956 10485.3 499.08 0
5.85435 10587.7 508.88 0
5.97144 10690.8 518.86 0
